0.3 0.3 0.3
1
5 5 -3
0.8 0.8 0.8

13

box
-10 -0.5 -10
1 0 0
0 1 0
0 0 1
20
0.2
20
0.417475728155 0.417475728155 0.417475728155
0.728155339806 0.728155339806 0.728155339806
1 1 1
20
1
0
1

ellipsoid
0 1.2 0
1 0 0
0 1 0
0 0 1
1
1.5
1
1 1 1
1 0.973850481178 0
0.864077669903 0.831962021157 0.233498266719
20
0.2
0.1
1.3

box
0.6 -0.6 0.6
1 0 0
0 1 0
0 0 1
0.3
1
0.3
0 0 0
0 0 0
0.653 0.653 0.653
20
0.3
0
1

box
-0.85 -0.6 0.6
1 0 0
0 1 0
0 0 1
0.3
1
0.3
0 0 0
0 0 0
0.653 0.653 0.653
20
0.3
0
1

box
-0.85 -0.6 -0.9
1 0 0
0 1 0
0 0 1
0.3
1
0.3
0 0 0
0 0 0
0.653 0.653 0.653
20
0.3
0
1

box
0.6 -0.6 -0.9
1 0 0
0 1 0
0 0 1
0.3
1
0.3
0 0 0
0 0 0
0.653 0.653 0.653
20
0.3
0
1

box
-0.7 0 0.7
1 0 0
0 1 0
0 0 1
1.4
0.15
0.15
0 0 0
0 0 0
0.653 0.653 0.653
20
0.3
0
1

box
-0.7 0 -0.9
1 0 0
0 1 0
0 0 1
1.4
0.15
0.15
0 0 0
0 0 0
0.653 0.653 0.653
20
0.3
0
1

box
-0.8 0 -0.7
1 0 0
0 1 0
0 0 1
0.15
0.15
1.4
0 0 0
0 0 0
0.653 0.653 0.653
20
0.3
0
1

box
0.730941232266 0 -0.7
1 0 0
0 1 0
0 0 1
0.15
0.15
1.5
0 0 0
0 0 0
0.653 0.653 0.653
20
0.3
0
1

box
2.01163807999 1.76472276998 1.27221103026
0.871680018258 -0.3434033447 0.349639941395
0.15308230286 0.868534292587 0.471395790341
-0.46555317024 -0.357382603731 0.809652962836
0.6
0.6
0.6
0 0.398058252427 0.046114639196
0.0127024627329 1 0
0.674692247626 0.95145631068 0.666140516406
20
0
1
1.05

cylinder
0.987514089418 0.679412560179 2.25591600479
0.39190018161 0 -0.920007743258
0 1 0
0.920007743258 0 0.39190018161
1
1
0.5
0.553398058252 0.0639719628489 0.204612298727
1 0.119737789874 0
0.864077669903 0.636177977954 0.636177977954
20
0
1
1.05

cone
0.987514 2.48770912275 2.52693969983
0.795301748451 0 0.606213765029
-0.369562426707 -0.792690763269 0.484834989037
0.480540052105 -0.609623944598 -0.630428350009
1
1
1
0.396695875993 0.44524461969 0.660194174757
0.176071863717 0.395165907367 1
0.397985300178 0.504771310184 0.653
20
0
1
1.05


0.797041008836 -0.192832780849 0.572311595971 0 -0.00318211182925 0.946299842455 0.323274397927 0 -0.603916456592 -0.259484908671 0.753626625421 0 0 0 0 1 -3.74764324303 -2.72983213708 -4.72173903484  // camera description
