0.3 0.3 0.3
1
5 5 5
0.8 0.8 0.8

19

sphere
-0.218348 0.030529 1.03403575505
0.6
0.912834297951 0.941747572816 0.932863993775
0.967118901895 0.980582524272 0.970484807489
1 0.978731353919 0.969298275144
20
0.9
0
1.3

sphere
-0.213663503697 0.871434264852 1.02549751399
0.4
0.912083639436 0.990709890274 1
0.95 0.946739070669 0.936956282677
0.9471601858 0.980582524272 0.932038743437
20
0.9
0
1.3

sphere
0.0926655386684 1.00419594443 1.20371908393
0.1
0.594 0.216978185536 0.255601718187
0.95 0.241052674762 0.161637034406
0.733 0.104204370397 0.0702092192835
20
0.9
0.1
1.3

sphere
-0.055378079852 1.13578772655 1.31177578314
0.05
0.0511588375666 0.0408616913471 0.0970873786408
0.0919775166071 0.0735820132856 0.174757281553
0.127895733718 0.139379329528 0.165048543689
20
0.9
0.1
1.3

sphere
0.137744466317 1.154101 1.07573596592
0.05
0.112549442647 0.0898957209637 0.21359223301
0.0766479305059 0.0613183444047 0.145631067961
0.105325898356 0.114782977258 0.135922330097
20
0.9
0.1
1.3

cone
-0.416224 1.07544931753 0.89468482185
0.870960776195 0.491352547903 0
0.027726041573 -0.0491465746791 -0.998407
-0.490569823294 0.869573335678 -0.056428
0.5
0.5
0.5
0.505 0.505 0.21
0.6 0.226011347433 0.209317686126
0.653 0.653 0.653
5
0.6
0
1.6

sphere
0.221289333491 0.451977889838 1.32397840333
0.1
0.0716223725932 0.057206367886 0.135922330097
0.0715380684722 0.0572304547777 0.135922330097
0.0526629491781 0.057391488629 0.0679611650485
20
0.9
0.1
1.3

sphere
0.289019165637 0.15752352792 1.35715037854
0.1
0.01534765127 0.0122585074041 0.0291262135922
0.0510986203373 0.0408788962698 0.0970873786408
0.0601862276322 0.0655902727188 0.0776699029126
20
0.9
0.1
1.3

sphere
0.241669385063 -0.137918 1.40733646902
0.1
0.01534765127 0.0122585074041 0.0291262135922
0.0306591722024 0.0245273377619 0.0582524271845
0.0376163922701 0.0409939204493 0.0485436893204
20
0.9
0.1
1.3

cylinder
-0.344845 0.272044 1.484526
0.862172 -0.020233 0.506211
0.47603 0.374277 -0.795809
-0.173361 0.927096 0.332323
0.1
0.1
1
0.184466019417 0.0514383242194 0.0221913511084
0.184466019417 0.00314795084597 0.053448720519
0.223300970874 0 0.0505048528898
20
0.9
0
1.6

cylinder
0.198547 0.375181 0.870522
0.460372 -0.631607 -0.623803
-0.878731 -0.224453 -0.421251
0.12605 0.742087 -0.658345
0.1
0.1
1
0.242718446602 0.0329776185309 0.0859056599872
0.233009708738 0.0611695366741 0.107133932424
0.233009708738 0.0369120594263 0.0738762456268
20
0.9
0
1.6

cone
-0.546532241125 1.20130941755 1.80476546184
0.723503766104 -0.227024 0.65192229246
0.689248797104 0.290169 -0.663881283734
-0.0384515624904 0.929657 0.366413968345
0.1
0.1
0.3
0.223300970874 0 0.115925139593
0.145631067961 0.0137669872901 0.0232270679943
0.203883495146 0.0121932735095 0.0639151491015
5
0.6
0
1.6

cone
0.310056225828 1.08787164251 0.241406950438
0.0106030257663 -0.233219357033 -0.972366005584
-0.881514911113 0.456864132578 -0.119190280328
0.472036797929 0.858419667044 -0.200742632176
0.1
0.1
0.3
0.145631067961 0.0114228205288 0.104436767546
0.203883495146 0.0612602809952 0.059369985025
0.233009708738 0.0553130039477 0.119479161802
5
0.6
0.3
1.6

box
-7.80176402333 -2.05331693195 -8.41015023337
1 0 0
0 1 0
0 0 1
10
0.1
10
0.791250404524 0.820636701923 0.825242718447
0.785185643122 0.787918358555 0.796116504854
0.766990291262 0.766990291262 0.766990291262
5
0.6
0.3
1.6

box
-2.36126702203 -2.1227622176 -7.09471605257
1 0 0
0 1 0
0 0 1
2
2
1.5
0.631067961165 0.448560627743 0.173476236124
0.6 0.459037103612 0.162136998688
0.653 0.495117021552 0.158576431874
5
0.9
0
1.6

cone
-1.278497 -0.223218255008 -5.995924
0.976716 -0.002289 -0.214529
-0.214539 -0.006017 -0.976697
0.000946 0.99998 -0.006367
4
4
1
0.505 0.505 0.21
0.6 0.6 0.25
0.653 0.653 0.653
5
0.6
0.3
1.6

cylinder
-0.558996034371 0.210872369714 -5.90793502461
1 0 0
0 -0.0190591404231 -0.999818358086
0 0.999818358086 -0.0190591404231
0.3
0.3
1
0.543689320388 0.211099593133 0.216140436392
0.669902912621 0.324643811345 0.343286078222
0.653 0.253541920259 0.259596243059
20
0.9
0
1.6

ellipsoid
0.259520721568 1.88550615669 -4.71323605556
0.313032266015 0.272993166969 0.909662317139
0.0350836662798 -0.960468979155 0.276167478971
0.949094271816 -0.0545350425801 -0.310235382149
0.2
0.2
0.4
0.473405853785 0.485436893204 0.470533143274
0.574648083094 0.566425327018 0.611650485437
0.421303593425 0.459131909032 0.543689320388
20
0.9
0.5
1.3

ellipsoid
0.875521928378 2.74131151817 -8.0055123992
0.256337073703 0 0.96658745318
0 1 0
-0.96658745318 0 0.256337073703
0.3
0.3
0.5
0.579136204466 0.55322122058 0.594
0.567947636036 0.542533314289 0.582524271845
0.413780314971 0.450933124942 0.533980582524
20
0.9
0.5
1.3


0.793731780295 -0.109918595171 0.598253940289 0 -0.0653961408327 0.962415479106 0.263590539011 0 -0.604742608994 -0.248344421097 0.756711598416 0 0 0 0 1 -5.13202556269 -2.87614014594 -5.06981390487  // camera description
