0.3 0.3 0.3
2
5 5 5
0.8 0.8 0.8
-2 2 -2
1 1 1

30

box
-0.542637735675 0.728868 0.5
1 0 0
0 1 0
0 0 1
0.3
0.6
0.8
0.850980392157 0.454901960784 0.16862745098
0.850980392157 0.454901960784 0.16862745098
0.850980392157 0.454901960784 0.16862745098
16
0.8
0.2
1.8

box
-0.0435581218592 0.831565068844 0.70165813772
1 0 0
0 1 0
0 0 1
0.3
0.3
0.8
0.850980392157 0.454901960784 0.16862745098
0.850980392157 0.454901960784 0.16862745098
0.850980392157 0.454901960784 0.16862745098
5
0.6
0.3
1.6

cylinder
-0.404123094318 0.518818828517 0.972391498794
1 0 0
0 -0.095537 -0.995426
0 0.995426 -0.095537
0.6
0.6
0.3
0.901960784314 0.705882352941 0.313725490196
0.901960784314 0.705882352941 0.313725490196
0.901960784314 0.705882352941 0.313725490196
5
0.6
0.3
1.6

box
-1.39824457681 0.317119 0.611166
1 0 0
0 1 0
0 0 1
1.5
0.2
0.8
0.850980392157 0.454901960784 0.16862745098
0.850980392157 0.454901960784 0.16862745098
0.850980392157 0.454901960784 0.16862745098
5
0.6
0.3
1.6

ellipsoid
0.479519279935 1.18846695365 1.27609820866
0.134529 0 -0.99091
0 1 0
0.99091 0 0.134529
0.2
0.08
0.08
0.0665064888366 0.0531201987513 0.126213592233
0.163515585079 0.130812468063 0.31067961165
0.180558682896 0.196770818157 0.233009708738
20
0.9
0.1
1.3

box
1.24728972933 1.73267847074 2.70600446078
1 0 0
0 1 0
0 0 1
0.05
0.12
0.12
0.194174757282 0.0218678125778 0.128110181563
0.135922330097 0.0123408526661 0.0743876480801
0.155339805825 0.0368753359651 0.0989983875457
5
0.6
0.3
1.6

box
0.557336040397 1.38632059984 1.57120472542
1 0 0
0 1 0
0 0 1
0.06
0.13
0.13
0.242718446602 0 0.151316167603
0.184466019417 0.00456868238431 0.144329541113
0.155339805825 0.0114237141979 0.103028584759
5
0.6
0.3
1.6

ellipsoid
-0.366793 1.075699 1.483942
1 0 0
0 0.705166 -0.709042
0 0.709042 0.705166
0.09
0.3
0.2
0.901960784314 0.705882352941 0.313725490196
0.901960784314 0.705882352941 0.313725490196
0.901960784314 0.705882352941 0.313725490196
20
0.9
0.1
1.3

ellipsoid
-0.379339025314 1.15445559262 0.428274566343
0.518833 0.647164 -0.558562
-0.05125 -0.628661 -0.775991
-0.853338 0.431237 -0.293002
0.1
0.2
0.2
0.901960784314 0.705882352941 0.313725490196
0.901960784314 0.705882352941 0.313725490196
0.901960784314 0.705882352941 0.313725490196
20
0.9
0.1
1.3

box
-1.404624 0.159488 0.612832
1 0 0
0 1 0
0 0 1
1.5
0.16
0.8
0.890196078431 0.901960784314 0.764705882353
0.890196078431 0.901960784314 0.764705882353
0.890196078431 0.901960784314 0.764705882353
5
0.6
0.3
1.6

box
-1.39436965229 0.0778673722024 0.621448465219
1 0 0
0 1 0
0 0 1
1.5
0.1
0.8
0.850980392157 0.454901960784 0.164705882353
0.850980392157 0.454901960784 0.16862745098
0.901960784314 0.454901960784 0.16862745098
5
0.6
0.3
1.6

cylinder
-1.18890167118 -0.259883278461 1.45683093761
1 0 0
0 -0.378954 -0.925416
0 0.925416 -0.378954
0.2
0.2
0.4
0.901960784314 0.705882352941 0.313725490196
0.901960784314 0.705882352941 0.313725490196
0.901960784314 0.705882352941 0.313725490196
5
0.6
0.3
1.6

cylinder
-0.25035490934 -0.208479503776 1.37373390914
0.590945395044 0.317424848457 0.741636707329
0.806711559404 -0.232525182367 -0.543275712221
0 0.919333185057 -0.393479980244
0.2
0.2
0.4
0.901960784314 0.705882352941 0.313725490196
0.901960784314 0.705882352941 0.313725490196
0.901960784314 0.705882352941 0.313725490196
5
0.6
0.3
1.6

cylinder
-0.142222633757 -0.225710846756 0.550172058336
1 0 0
0 0.536464808812 -0.843922691309
0 0.843922691309 0.536464808812
0.2
0.2
0.4
0.901960784314 0.705882352941 0.313725490196
0.901960784314 0.705882352941 0.313725490196
0.901960784314 0.705882352941 0.313725490196
5
0.6
0.3
1.6

cylinder
-1.40871998617 -0.407399232992 0.707195476883
0.82333608694 -0.156532163432 0.54554135476
0.567554127764 0.227077159016 -0.791402726753
0 0.961214671998 0.275801295021
0.2
0.2
0.4
0.901960784314 0.705882352941 0.313725490196
0.901960784314 0.705882352941 0.313725490196
0.901960784314 0.705882352941 0.313725490196
5
0.6
0.3
1.6

ellipsoid
-1.57833831908 0.604481618133 1.08409804056
0.579681 0.687444880519 -0.437481955544
-0.071939 -0.491617876063 -0.867833937591
-0.811662 0.534539342771 -0.235526954489
0.1
0.1
0.5
0.6 0.301960784314 0.321568627451
0.6 0.301960784314 0.321568627451
0.6 0.301960784314 0.321568627451
20
0.9
0.1
1.3

ellipsoid
-4.95923904351 5.23888839035 -1.91971400234
-0.836516 -0.492737 0.239689
0.547942 -0.752237 0.365922
0 0.437435 0.89925
0.08
0.08
0.3
0.949019607843 0.890196078431 0.219607843137
0.95 0.888518441535 0.219435377441
0.949019607843 0.890196078431 0.219607843137
2
0.1
0.1
1.3

ellipsoid
-5.22436948565 6.06302524164 -2.64718928032
-0.0813526583921 -0.931582373393 0.35430919233
0.757241804583 0.173368430292 0.629704644401
-0.648048428874 0.319525983701 0.691329368662
0.08
0.08
0.3
0.949019607843 0.890196078431 0.219607843137
0.949019607843 0.890196078431 0.219607843137
0.949019607843 0.890196078431 0.219607843137
1
0.1
0.1
1.3

ellipsoid
-5.22883900953 4.70756711446 -1.18435057133
-0.972463195506 -0.1325467343 0.191696049645
0.230654869401 -0.42954382657 0.873092047708
-0.0333844742755 0.893265689728 0.448288435775
0.08
0.08
0.3
0.949019607843 0.890196078431 0.219607843137
0.949019607843 0.890196078431 0.219607843137
0.949019607843 0.890196078431 0.219607843137
1
0.1
0.1
1.3

cone
1.995348 2.417028 -1.22658
0.951678 -0.053935 -0.302325
-0.305811 -0.076378 -0.949024
0.028094 0.995619 -0.089181
1.5
1.5
1
0.505 0.505 0.21
0 0.708737864078 0.16661040763
0.653 0.653 0.653
15
0.6
0.1
1.6

cone
2.107681 1.730282 -0.777157
0.999579 0.028366 -0.006067
0 -0.209155 -0.977883
-0.029007 0.977471 -0.209067
1.7
1.7
1
0.505 0.505 0.21
0 0.709803921569 0.164705882353
0.653 0.653 0.653
15
0.6
0.1
1.6

cone
2.200033 1.170248 -0.447704
0.999834 0.018239 0
0.002155 -0.118131 -0.992996
-0.018112 0.992831 -0.118151
2
2
1
0.505 0.505 0.21
0 0.709803921569 0.164705882353
0.653 0.653 0.653
15
0.6
0.1
1.6

cylinder
2.01560343537 -0.455322625923 -0.780411101448
-0.840768924103 -0.147780414007 -0.520834489544
-0.538245575288 0.124565026793 0.833531363078
-0.0583018477781 0.981144126796 -0.184272557511
0.5
0.5
2
0.505 0.505 0.21
0.145631067961 0.0168968275228 0.020948068337
0.653 0.653 0.653
5
0.1
0.1
1.6

cylinder
-2.76024086867 5.08597449452 0.911382722806
0.759081 0 -0.650996
0 1 0
0.650996 0 0.759081
0.8
0.8
0.1
1 0 0
1 0 0
1 0 0
5
0.6
0.3
1.6

cone
-1.083499 2.567213 -2.290981
-0.197666 0.030124 0.979806
0.978663 -0.051137 0.199008
0.056099 0.998237 -0.019373
1.5
1.5
1
0.505 0.505 0.21
0 0.427184466019 0.111045245284
0.653 0.653 0.653
15
0.6
0.1
1.6

cone
-1.215318 1.92177 -2.452727
-0.136487728072 0.0303032159085 -0.990177817752
-0.989241361905 0.0489641264004 0.137857496609
0.0526611915348 0.998340388113 0.0232940949045
1.6
1.6
1
0 0.505 0.0750048880355
0 0.466019417476 0.121679223069
0 0.52427184466 0.1258531213
15
0.6
0.1
1.6

cone
-1.185607 1.297 -2.335221
1 0 0
0 -0.074577 -0.997215
0 0.997215 -0.074577
1.8
1.8
1
0.0466891132813 0.505 0.241165005151
0 0.514563106796 0.139934685681
0.0661970466616 0.533980582524 0.0401390319721
15
0.6
0.1
1.6

cylinder
-1.22801535203 0.0643029743752 -2.32260601355
0.859958716048 0.0154562989674 0.510129502691
0.510363527993 -0.0265836141801 -0.859547776887
0.000275658465237 0.99952709532 -0.0307491419889
0.5
0.5
2
0.287642700487 0.291724598477 0.339805825243
0.21359223301 0.050071211959 0.0701673086989
0.388349514563 0.305591410019 0.153191197971
5
0
0.1
1.6

box
-6.325978 -0.116698 -4.825933
1 0 0
0 1 0
0 0 1
12
0.05
10
0.154524982105 0.427184466019 0.308235448391
0.280171995822 0.398058252427 0.223763271322
0.233742997607 0.446601941748 0.328229784468
5
0.2
0.1
1.2

sphere
1.18582163745 0.361612462428 3.6722012953
0.5
0.313 0.25 0.594
0.5 0.4 0.95
0.568 0.619 0.733
20
0.9
0.1
1.3


0.847656070052 -0.0563423083614 0.527545632406 0 -0.101770307249 0.958612446182 0.2659043196 0 -0.520693265344 -0.279084537359 0.806840551624 0 0 0 0 1 -5.81960050777 -3.90403616454 -8.17904509073  // camera description
